0,489
69,4
69,3
69,2
69,1
69,0
0,488
68,4
68,3
68,2
68,1
68,0
0,487
0,486
0,485
0,484
0,483
0,482
0,481
0,480
0,479
67,4
67,3
67,2
0,478
67,1
67,0
0,477
0,476
0,475
0,474
0,473
0,472
0,471
0,243
0,470
0,469
0,468
0,467
66,4
66,3
66,2
66,1
66,0
0,466
65,4
65,3
65,2
65,1
65,0
64,4
64,3
64,2
64,1
64,0
0,465
0,464
63,4
63,3
63,2
63,1
63,0
0,463
0,462
0,461
0,460
0,459
0,458
0,457
0,456
0,455
0,454
0,453
0,452
0,451
0,450
0,449
62,4
62,3
62,2
0,448
62,1
62,0
0,447
0,446
0,445
61,4
61,3
61,2
0,444
61,1
61,0
0,443
0,442
60,3
60,2
0,441
0,440
60,1
60,0
28,2
28,0
0,439
0,438
0,437
0,386
30,2
30,0
59,4
59,3
59,2
59,1
59,0
58,4
58,3
58,2
58,1
58,0
